33
34
35
36
37
38
42
43
44
75
76
77
87
88
89
123
124
125
141
142
143
147
148
149
171
172
173
177
178
179
198
199
200
207
208
209
234
235
236
240
241
242
246
247
248
249
250
251
252
253
273
274
275
279
280
281
297
298
299
354
355
356
369
370
371
378
379
380
381
382
383
399
400
401
411
412
413
414
415
416
420
421
422
426
427
428
465
466
467
492
493
494
519
520
521
522
523
524
541
552
553
554
561
562
563
564
565
566
582
583
584
591
592
593
618
619
620
621
622
623
642
643
644
666
667
668
675
676
677
693
694
695
702
703
704
762
763
764
765
766
767
774
775
776
801
802
803
837
838
839
849
850
851
879
880
881
882
883
884
888
889
890
900
901
902
909
910
911
921
922
923
948
949
950
951
952
953
972
973
974
1017
1018
1019
1029
1030
1031
1032
1033
1034
1035
1036
1037
1047
1048
1049
1050
1051
1052
1056
1057
1058
1059
1060
1061
1074
1075
1076
1077